# /joint_states_filtered/header/stamp, /joint_states_filtered/effort/1, /joint_states_filtered/header/stamp, /joint_states_filtered/position/1, /joint_states_filtered/header/stamp, /joint_states_filtered/velocity/1
0, 0.28148063654614718931, 0, 0.079744964730050812984, 0, 0
0.0051240520000000004675, 0.22641161832111728058, 0.0051240520000000004675, 0.079744964730050812984, 0.0051240520000000004675, 0
0.010033516000000001003, 0.28831413914140391341, 0.010033516000000001003, 0.081680932440398520966, 0.010033516000000001003, 0
0.014999739000000001515, 0.83569995703867971937, 0.014999739000000001515, 0.23675825242077983002, 0.014999739000000001515, 0.34044776528853981645
0.019997311999999999726, 1.2363161289337489812, 0.019997311999999999726, 0.35025494935191214818, 0.019997311999999999726, 0.34044776528853981645
0.025001171000000002587, 1.5343652416364041979, 0.025001171000000002587, 0.43469385169324448182, 0.025001171000000002587, 1.459061851236599372
0.03000147500000000314, 1.7379573510290091676, 0.03000147500000000314, 0.49237258150586593608, 0.03000147500000000314, 1.459061851236599372
0.035049821000000001836, 1.887410589521849813, 0.035049821000000001836, 0.53471348061225809634, 0.035049821000000001836, 1.2523614223114143407
0.040000652000000004593, 1.9887846412982759237, 0.040000652000000004593, 0.56343328984193530307, 0.040000652000000004593, 1.2523614223114143407
0.045001016000000004791, 2.0561463476790393656, 0.045001016000000004791, 0.58251722032256481043, 0.045001016000000004791, 1.4104264561953794299
0.050000586000000006581, 2.0974400060074138707, 0.050000586000000006581, 0.59421593383755688667, 0.050000586000000006581, 1.4104264561953794299
0.054998670000000006441, 2.1183662251639345797, 0.054998670000000006441, 0.6001444432691336317, 0.054998670000000006441, 1.6819740785088574953
0.059997531000000006718, 2.114772056542542078, 0.059997531000000006718, 0.6001444432691336317, 0.059997531000000006718, 1.6819740785088574953
0.064999681000000003595, 2.1012695128609157891, 0.064999681000000003595, 0.6001444432691336317, 0.064999681000000003595, 2.1683280289210573599
0.070049718000000010809, 2.0914241495456047382, 0.070049718000000010809, 0.6001444432691336317, 0.070049718000000010809, 2.1683280289210573599
0.074997318000000007254, 2.0760327006820107343, 0.074997318000000007254, 0.6001444432691336317, 0.074997318000000007254, 2.5695700380111219374
0.079996407000000005483, 2.0624649361074958165, 0.079996407000000005483, 0.6001444432691336317, 0.079996407000000005483, 2.5695700380111219374
0.08500281000000001197, 2.0463897272034543562, 0.08500281000000001197, 0.6001444432691336317, 0.08500281000000001197, 2.8938060049525886619
0.090003385000000005189, 2.0331572516816454055, 0.090003385000000005189, 0.6001444432691336317, 0.090003385000000005189, 2.8938060049525886619
0.094999544000000005206, 2.0191954249771506547, 0.094999544000000005206, 0.6001444432691336317, 0.094999544000000005206, 3.2099360727205183963
0.10004353500000000288, 2.0111843201752979127, 0.10004353500000000288, 0.6001444432691336317, 0.10004353500000000288, 3.2099360727205183963
0.1050015960000000026, 2.0016284892493043657, 0.1050015960000000026, 0.6001444432691336317, 0.1050015960000000026, 3.4287953504060082466
0.11000042000000000153, 1.9888566469093982292, 0.11000042000000000153, 0.6001444432691336317, 0.11000042000000000153, 3.4287953504060082466
0.11499676600000000026, 1.9738678705897867438, 0.11499676600000000026, 0.6001444432691336317, 0.11499676600000000026, 3.748978367760706476
0.11999722600000001238, 1.95519970152353606, 0.11999722600000001238, 0.6001444432691336317, 0.11999722600000001238, 3.748978367760706476
0.12499896200000000512, 1.9358774397428950564, 0.12499896200000000512, 0.6001444432691336317, 0.12499896200000000512, 4.2069616710655282077
0.13000134100000002024, 1.9222888845239609612, 0.13000134100000002024, 0.6001444432691336317, 0.13000134100000002024, 4.2069616710655282077
0.13504779299999999931, 1.9091571740477075725, 0.13504779299999999931, 0.6001444432691336317, 0.13504779299999999931, 4.5028269908996163551
0.14000145599999999635, 1.8949959077438238708, 0.14000145599999999635, 0.6001444432691336317, 0.14000145599999999635, 4.5028269908996163551
0.14499896900000000532, 1.8863095252863564255, 0.14499896900000000532, 0.6001444432691336317, 0.14499896900000000532, 4.7946393611469364515
0.15000033200000001399, 1.8733303435262751435, 0.15000033200000001399, 0.6001444432691336317, 0.15000033200000001399, 4.7946393611469364515
0.15500093600000000582, 1.8654588223849324358, 0.15500093600000000582, 0.6001444432691336317, 0.15500093600000000582, 5.0742928826339506188
0.15999885800000002156, 1.8546547333763443444, 0.15999885800000002156, 0.6001444432691336317, 0.15999885800000002156, 5.0742928826339506188
0.16500127400000000333, 1.8426357872298306795, 0.16500127400000000333, 0.6001444432691336317, 0.16500127400000000333, 5.3863700008151127463
0.17004800800000000049, 1.833812823399351366, 0.17004800800000000049, 0.6001444432691336317, 0.17004800800000000049, 5.3863700008151127463
0.17500293399999999888, 1.8242351340957956296, 0.17500293399999999888, 0.6001444432691336317, 0.17500293399999999888, 5.7065530181698109757
0.17999452800000001473, 1.8103726408117626345, 0.17999452800000001473, 0.6001444432691336317, 0.17999452800000001473, 5.7065530181698109757
0.18500187600000000954, 1.7935564492951754367, 0.18500187600000000954, 0.6001444432691336317, 0.18500187600000000954, 6.0591596322186553891
0.19000144000000002142, 1.7752419388992377591, 0.19000144000000002142, 0.6001444432691336317, 0.19000144000000002142, 6.0591596322186553891
0.19499773200000000695, 1.7510544511402665879, 0.19499773200000000695, 0.6001444432691336317, 0.19499773200000000695, 6.5090370363499401307
0.20004593400000000858, 1.7252385305730510989, 0.20004593400000000858, 0.6001444432691336317, 0.20004593400000000858, 6.5090370363499401307
0.20500196100000001032, 1.7077114105419068935, 0.20500196100000001032, 0.6001444432691336317, 0.20500196100000001032, 6.9832321380018349544
0.21000251200000000229, 1.6988559669028977517, 0.21000251200000000229, 0.6001444432691336317, 0.21000251200000000229, 6.9832321380018349544
0.21499941700000002598, 1.6946338014596553645, 0.21499941700000002598, 0.6001444432691336317, 0.21499941700000002598, 7.2345150123814718768
0.2200084670000000131, 1.6941433437541189022, 0.2200084670000000131, 0.6001444432691336317, 0.2200084670000000131, 7.2345150123814718768
0.22500089100000000841, 1.6997209552642382757, 0.22500089100000000841, 0.6001444432691336317, 0.22500089100000000841, 7.3723152983315944908
0.23000043100000000518, 1.7081370674376012975, 0.23000043100000000518, 0.6001444432691336317, 0.23000043100000000518, 7.3723152983315944908
0.23504989000000001131, 1.7131319656693153597, 0.23504989000000001131, 0.6001444432691336317, 0.23504989000000001131, 7.4776919875875718091
0.24000010700000001806, 1.7157684751348978303, 0.24000010700000001806, 0.6001444432691336317, 0.24000010700000001806, 7.4776919875875718091
0.24500128900000001098, 1.7065612107836583, 0.24500128900000001098, 0.6001444432691336317, 0.24500128900000001098, 7.7857161561819649975
0.25000053999999999332, 1.6913406931531660415, 0.25000053999999999332, 0.6001444432691336317, 0.25000053999999999332, 7.7857161561819649975
0.25499600199999999939, 1.6776217926863112861, 0.25499600199999999939, 0.6001444432691336317, 0.25499600199999999939, 8.3044937032883119343
0.25999754499999999657, 1.6756938481668299801, 0.25999754499999999657, 0.6001444432691336317, 0.25999754499999999657, 8.3044937032883119343
0.26500071800000002398, 1.6821628084255295654, 0.26500071800000002398, 0.6001444432691336317, 0.26500071800000002398, 8.4139233421310564154
0.26999633700000003067, 1.6954956961912301949, 0.26999633700000003067, 0.6001444432691336317, 0.26999633700000003067, 8.4139233421310564154
0.27504738400000000587, 1.6990398154356203264, 0.27504738400000000587, 0.6001444432691336317, 0.27504738400000000587, 8.4909293842796547125
0.27999648700000001611, 1.6952983274566135741, 0.27999648700000001611, 0.6001444432691336317, 0.27999648700000001611, 8.4909293842796547125
0.28500079100000003107, 1.6972903866708595189, 0.28500079100000003107, 0.6001444432691336317, 0.28500079100000003107, 8.819218300807889932
0.28999862300000001092, 1.6962435369856718737, 0.28999862300000001092, 0.6001444432691336317, 0.28999862300000001092, 8.819218300807889932
0.29499554100000002776, 1.7049332475868208547, 0.29499554100000002776, 0.6001444432691336317, 0.29499554100000002776, 9.0259187297330747413
0.29999812400000003265, 1.706621105064332955, 0.29999812400000003265, 0.6001444432691336317, 0.29999812400000003265, 9.0259187297330747413
0.30505272599999999628, 1.7045578691038154595, 0.30505272599999999628, 0.6001444432691336317, 0.30505272599999999628, 9.2569368561788696326
0.31001834100000003058, 1.7103957758409715773, 0.31001834100000003058, 0.6001444432691336317, 0.31001834100000003058, 9.2569368561788696326
0.31499870000000002035, 1.7023197885290928255, 0.31499870000000002035, 0.6001444432691336317, 0.31499870000000002035, 9.4109489404760662268
0.31999668200000003226, 1.7013238923836913052, 0.31999668200000003226, 0.6001444432691336317, 0.31999668200000003226, 9.4109489404760662268
0.32500007699999999833, 1.7070908749660791415, 0.32500007699999999833, 0.6001444432691336317, 0.32500007699999999833, 9.7270790082439955171
0.32999907000000000545, 1.7073017626542270619, 0.32999907000000000545, 0.6001444432691336317, 0.32999907000000000545, 9.7270790082439955171
0.33504470899999999611, 1.6985735791326936894, 0.33504470899999999611, 0.6001444432691336317, 0.33504470899999999611, 10.08373857187960887
0.3400173380000000023, 1.6947080351980179369, 0.3400173380000000023, 0.6001444432691336317, 0.3400173380000000023, 10.08373857187960887
0.34500034300000004261, 1.6923122464853688207, 0.34500034300000004261, 0.6001444432691336317, 0.34500034300000004261, 10.286386051218025628
0.35000041200000003849, 1.6909296227672836466, 0.35000041200000003849, 0.6001444432691336317, 0.35000041200000003849, 10.286386051218025628
0.3550109120000000118, 1.6910521039522969922, 0.3550109120000000118, 0.6001444432691336317, 0.3550109120000000118, 10.533615976010892723
0.36000282500000002628, 1.6846830391657898751, 0.36000282500000002628, 0.6001444432691336317, 0.36000282500000002628, 10.533615976010892723
0.36505078000000001914, 1.6730323876855079934, 0.36505078000000001914, 0.6001444432691336317, 0.36505078000000001914, 10.845693094192055739
0.37000369100000002343, 1.6741435495260050814, 0.37000369100000002343, 0.6001444432691336317, 0.37000369100000002343, 10.845693094192055739
0.37499947200000000036, 1.677598477589339776, 0.37499947200000000036, 0.6001444432691336317, 0.37499947200000000036, 11.056446472704008599
0.37999604700000000346, 1.6813245853328573354, 0.37999604700000000346, 0.6001444432691336317, 0.37999604700000000346, 11.056446472704008599
0.38500139100000002612, 1.6844309417654299565, 0.38500139100000002612, 0.6001444432691336317, 0.38500139100000002612, 11.186140859480595111
0.38999899400000004324, 1.6852278074197948321, 0.38999899400000004324, 0.6001444432691336317, 0.38999899400000004324, 11.186140859480595111
0.39499712700000000343, 1.6881971820309007448, 0.39499712700000000343, 0.6001444432691336317, 0.39499712700000000343, 11.409053086752853901
0.40004586400000002877, 1.6913196813804729501, 0.40004586400000002877, 0.6001444432691336317, 0.40004586400000002877, 11.409053086752853901
0.40500112700000001631, 1.7012701281196749292, 0.40500112700000001631, 0.6001444432691336317, 0.40500112700000001631, 11.627912364438342863
0.41000038500000002273, 1.7049026475332103026, 0.41000038500000002273, 0.6001444432691336317, 0.41000038500000002273, 11.627912364438342863
0.41499852300000000804, 1.7009532018842457024, 0.41499852300000000804, 0.6001444432691336317, 0.41499852300000000804, 11.867036390057673856
0.41999643899999999919, 1.6944661409557384424, 0.41999643899999999919, 0.6001444432691336317, 0.41999643899999999919, 11.867036390057673856
0.42500092999999999899, 1.689725437351345283, 0.42500092999999999899, 0.6001444432691336317, 0.42500092999999999899, 12.219643004106519157
0.43000017500000004, 1.6867263637319833691, 0.43000017500000004, 0.6001444432691336317, 0.43000017500000004, 12.219643004106519157
0.43504678900000004482, 1.687347931093526654, 0.43504678900000004482, 0.6001444432691336317, 0.43504678900000004482, 12.393919836337557783
0.43999964000000002518, 1.6872386126426319741, 0.43999964000000002518, 0.6001444432691336317, 0.43999964000000002518, 12.393919836337557783
0.44500043700000002644, 1.6839365066223614953, 0.44500043700000002644, 0.6001444432691336317, 0.44500043700000002644, 12.68167925699810894
0.44999896700000002747, 1.6760134147719083497, 0.44999896700000002747, 0.6001444432691336317, 0.44999896700000002747, 12.68167925699810894
0.45501740600000001313, 1.6622159234045503773, 0.45501740600000001313, 0.6001444432691336317, 0.45501740600000001313, 13.050497669394026445
0.45999794500000001918, 1.656200367639785398, 0.45999794500000001918, 0.6001444432691336317, 0.45999794500000001918, 13.050497669394026445
0.46504844400000000526, 1.6598515630332615345, 0.46504844400000000526, 0.6001444432691336317, 0.46504844400000000526, 13.253145148732443204
0.47000157800000003094, 1.6758132717743019491, 0.47000157800000003094, 0.6001444432691336317, 0.47000157800000003094, 13.253145148732443204
0.47499729900000003946, 1.6819762365354979927, 0.47499729900000003946, 0.6001444432691336317, 0.47499729900000003946, 13.257198098319213031
0.47999446300000003784, 1.6862246311424329281, 0.47999446300000003784, 0.6001444432691336317, 0.47999446300000003784, 13.257198098319213031
0.48500044500000005776, 1.6953378314552305373, 0.48500044500000005776, 0.6001444432691336317, 0.48500044500000005776, 13.520639821459154106
0.49000035200000002789, 1.6989309925364097786, 0.49000035200000002789, 0.6001444432691336317, 0.49000035200000002789, 13.520639821459154106
0.49499577200000005606, 1.696298893903981142, 0.49499577200000005606, 0.6001444432691336317, 0.49499577200000005606, 13.751657947904948998
0.50004606100000004165, 1.6909888321690769164, 0.50004606100000004165, 0.6001444432691336317, 0.50004606100000004165, 13.751657947904948998
0.50500221400000000482, 1.6943196676666787415, 0.50500221400000000482, 0.6001444432691336317, 0.50500221400000000482, 13.974570175177206011
0.51000239800000002344, 1.7014558769350931478, 0.51000239800000002344, 0.6001444432691336317, 0.51000239800000002344, 13.974570175177206011
0.51499849800000008226, 1.7004594655766487321, 0.51499849800000008226, 0.6001444432691336317, 0.51499849800000008226, 14.144794057821476585
0.51999738200000000798, 1.6943946831282334919, 0.51999738200000000798, 0.6001444432691336317, 0.51999738200000000798, 14.144794057821476585
0.52500469300000007777, 1.6910206568160686125, 0.52500469300000007777, 0.6001444432691336317, 0.52500469300000007777, 14.456871176002637824
0.53000053400000002313, 1.6752500125506302187, 0.53000053400000002313, 0.6001444432691336317, 0.53000053400000002313, 14.456871176002637824
0.5350660470000000446, 1.6490515807669345882, 0.5350660470000000446, 0.6001444432691336317, 0.5350660470000000446, 15.040495916497278017
0.54000228500000002629, 1.6361009016516223635, 0.54000228500000002629, 0.6001444432691336317, 0.54000228500000002629, 15.040495916497278017
0.54500115800000004107, 1.6381981687186293328, 0.54500115800000004107, 0.6001444432691336317, 0.54500115800000004107, 15.295831740463682991
0.55000128700000006088, 1.6426017568743607189, 0.55000128700000006088, 0.6001444432691336317, 0.55000128700000006088, 15.295831740463682991
0.55499877600000002698, 1.6558553739068355704, 0.55499877600000002698, 0.6001444432691336317, 0.55499877600000002698, 15.251249295009230877
0.55999662000000005602, 1.6690250928931393837, 0.55999662000000005602, 0.6001444432691336317, 0.55999662000000005602, 15.251249295009230877
0.56504546500000008002, 1.6789102292289341811, 0.56504546500000008002, 0.6001444432691336317, 0.56504546500000008002, 15.324202387571061124
0.57000652699999998507, 1.6803465619630015837, 0.57000652699999998507, 0.6001444432691336317, 0.57000652699999998507, 15.324202387571061124
0.57503150499999999834, 1.6918236188882187498, 0.57503150499999999834, 0.6001444432691336317, 0.57503150499999999834, 15.628173606578686261
0.57999473200000006834, 1.6970462872070508631, 0.57999473200000006834, 0.6001444432691336317, 0.57999473200000006834, 15.628173606578686261
0.58500038300000001268, 1.7001087039924152045, 0.58500038300000001268, 0.6001444432691336317, 0.58500038300000001268, 15.721391447074358538
0.59000011000000007755, 1.6971107406680130403, 0.59000011000000007755, 0.6001444432691336317, 0.59000011000000007755, 15.721391447074358538
0.59499936700000000123, 1.6931618468616176365, 0.59499936700000000123, 0.6001444432691336317, 0.59499936700000000123, 16.086156909883506216
0.60004465800000006404, 1.6778016089373926079, 0.60004465800000006404, 0.6001444432691336317, 0.60004465800000006404, 16.086156909883506216
0.60500080500000008588, 1.6645241846675136177, 0.60500080500000008588, 0.6001444432691336317, 0.60500080500000008588, 16.51171661649418354
0.61000199300000002012, 1.6408511228586537545, 0.61000199300000002012, 0.6001444432691336317, 0.61000199300000002012, 16.51171661649418354
0.61499872399999999661, 1.6204988359508258888, 0.61499872399999999661, 0.6001444432691336317, 0.61499872399999999661, 16.645463952857536327
0.61999760900000000508, 1.5954444132404059786, 0.61999760900000000508, 0.6001444432691336317, 0.61999760900000000508, 16.645463952857536327
0.62500209300000009183, 1.5690308774157579741, 0.62500209300000009183, 0.6001444432691336317, 0.62500209300000009183, 16.965646970212237221
0.63000059299999999762, 1.5220510623618324075, 0.63000059299999999762, 0.6001444432691336317, 0.63000059299999999762, 16.965646970212237221
0.63504821700000002593, 1.4837501661023302368, 0.63504821700000002593, 0.6001444432691336317, 0.63504821700000002593, 17.265565239633090755
0.64000050299999999837, 1.451163123251232312, 0.64000050299999999837, 0.6001444432691336317, 0.64000050299999999837, 17.265565239633090755
0.64499970600000000598, 1.4407997895528468213, 0.64499970600000000598, 0.6001444432691336317, 0.64499970600000000598, 17.083182508228517804
0.64999975800000009407, 1.4465628939800050379, 0.64999975800000009407, 0.6001444432691336317, 0.64999975800000009407, 17.083182508228517804
0.65499882800000008842, 1.454300187300008762, 0.65499882800000008842, 0.6001444432691336317, 0.65499882800000008842, 17.026441214013761538
0.65999785700000002109, 1.4539870245077772815, 0.65999785700000002109, 0.6001444432691336317, 0.65999785700000002109, 17.026441214013761538
0.66505033000000002286, 1.4457042776636592762, 0.66505033000000002286, 0.6001444432691336317, 0.66505033000000002286, 17.338518332194922777
0.67000303100000002665, 1.4192896595310220409, 0.67000303100000002665, 0.6001444432691336317, 0.67000303100000002665, 17.338518332194922777
0.67500054400000009114, 1.3884428391311944839, 0.67500054400000009114, 0.6001444432691336317, 0.67500054400000009114, 17.597907105748095802
0.67999631199999999165, 1.3531962341751411216, 0.67999631199999999165, 0.6001444432691336317, 0.67999631199999999165, 17.597907105748095802
0.68500646900000006223, 1.3006651989862707541, 0.68500646900000006223, 0.6001444432691336317, 0.68500646900000006223, 17.889719475995416786
0.69000422200000000039, 1.2547730702912924805, 0.69000422200000000039, 0.6001444432691336317, 0.69000422200000000039, 17.889719475995416786
0.69500310100000006752, 1.2088861966081978494, 0.69500310100000006752, 0.6001444432691336317, 0.69500310100000006752, 18.096419904920601596
0.70004876400000004555, 1.1538604923457762563, 0.70004876400000004555, 0.6001444432691336317, 0.70004876400000004555, 18.096419904920601596
0.70499846399999999136, 1.1229202138944445188, 0.70499846399999999136, 0.6001444432691336317, 0.70499846399999999136, 18.32338508177962666
0.71000428300000006931, 1.0749710874060549592, 0.71000428300000006931, 0.6001444432691336317, 0.71000428300000006931, 18.32338508177962666
0.71500357700000005678, 1.0373464818051858494, 0.71500357700000005678, 0.6001444432691336317, 0.71500357700000005678, 18.262590837978102343
0.72000142700000002716, 1.0154436707639149517, 0.72000142700000002716, 0.6001444432691336317, 0.72000142700000002716, 18.262590837978102343
0.72500523700000008009, 0.98474917905994252543, 0.72500523700000008009, 0.6001444432691336317, 0.72500523700000008009, 18.517926661944507316
0.73000001400000003038, 0.96735469558308384563, 0.73000001400000003038, 0.6001444432691336317, 0.73000001400000003038, 18.517926661944507316
0.73506412500000006816, 0.94702816978750037347, 0.73506412500000006816, 0.6001444432691336317, 0.73506412500000006816, 18.40039112392822318
0.73999825800000007536, 0.93597408061489884012, 0.73999825800000007536, 0.6001444432691336317, 0.73999825800000007536, 18.40039112392822318
0.74499751499999999904, 0.93184966905433919138, 0.74499751499999999904, 0.6001444432691336317, 0.74499751499999999904, 18.53413846029157952
0.75000234800000009638, 0.89835242876454224348, 0.75000234800000009638, 0.6001444432691336317, 0.75000234800000009638, 18.53413846029157952
0.75499698600000009208, 0.87633693429438297429, 0.75499698600000009208, 0.6001444432691336317, 0.75499698600000009208, 18.821897880952132454
0.75999249600000007288, 0.84502697373640978107, 0.75999249600000007288, 0.6001444432691336317, 0.75999249600000007288, 18.821897880952132454
0.7650016240000000467, 0.82613263859842311909, 0.7650016240000000467, 0.6001444432691336317, 0.7650016240000000467, 18.631409250374019848
0.77006044800000006401, 0.82924170783016626363, 0.77006044800000006401, 0.6001444432691336317, 0.77006044800000006401, 18.631409250374019848
0.7750009389999999998, 0.81928461637597738143, 0.7750009389999999998, 0.6001444432691336317, 0.7750009389999999998, 18.578720905746031633
0.77999477700000008351, 0.82021874301848107791, 0.77999477700000008351, 0.6001444432691336317, 0.77999477700000008351, 18.578720905746031633
0.78500071700000007002, 0.82005598933912060566, 0.78500071700000007002, 0.6001444432691336317, 0.78500071700000007002, 18.675991695828471961
0.7899998720000001029, 0.79654987221660866759, 0.7899998720000001029, 0.6001444432691336317, 0.7899998720000001029, 18.675991695828471961
0.79499553200000006026, 0.78626180752527052853, 0.79499553200000006026, 0.6001444432691336317, 0.79499553200000006026, 18.882692124753656771
0.80004541200000001133, 0.75416250736332368643, 0.80004541200000001133, 0.6001444432691336317, 0.80004541200000001133, 18.882692124753656771
0.80500246800000008207, 0.72101036712730404155, 0.80500246800000008207, 0.6001444432691336317, 0.80500246800000008207, 18.919168671034572782
0.81000120800000008359, 0.69681270374066217599, 0.81000120800000008359, 0.6001444432691336317, 0.81000120800000008359, 18.919168671034572782
0.81500033900000001807, 0.66157841991686983096, 0.81500033900000001807, 0.6001444432691336317, 0.81500033900000001807, 19.113710251199449885
0.81999539800000009748, 0.6348698633865467178, 0.81999539800000009748, 0.6001444432691336317, 0.81999539800000009748, 19.113710251199449885
0.8249959360000000963, 0.61081170635764192589, 0.8249959360000000963, 0.6001444432691336317, 0.8249959360000000963, 19.081286654505305478
0.82999878500000001669, 0.58750500009196859885, 0.82999878500000001669, 0.6001444432691336317, 0.82999878500000001669, 19.081286654505305478
0.83505822300000009939, 0.58138783299766105817, 0.83505822300000009939, 0.6001444432691336317, 0.83505822300000009939, 19.101551402439145733
0.84000054200000007221, 0.56103726794169073155, 0.84000054200000007221, 0.6001444432691336317, 0.84000054200000007221, 19.101551402439145733
0.84500215100000009016, 0.55615120809621132469, 0.84500215100000009016, 0.6001444432691336317, 0.84500215100000009016, 19.008333561943473455
0.85000093300000001406, 0.54955629039101128175, 0.85000093300000001406, 0.6001444432691336317, 0.85000093300000001406, 19.008333561943473455
0.85499914400000009973, 0.52914528713044495234, 0.85499914400000009973, 0.6001444432691336317, 0.85499914400000009973, 19.105604352025913784
0.85999540000000007645, 0.52744431279844661287, 0.85999540000000007645, 0.6001444432691336317, 0.85999540000000007645, 19.105604352025913784
0.86501470500000010588, 0.50476010429080941933, 0.86501470500000010588, 0.6001444432691336317, 0.86501470500000010588, 19.202875142108354112
0.87006049500000004482, 0.4896607027032633952, 0.87006049500000004482, 0.6001444432691336317, 0.87006049500000004482, 19.202875142108354112
0.87500409500000009277, 0.48247878898736440423, 0.87500409500000009277, 0.6001444432691336317, 0.87500409500000009277, 19.004280612356705404
0.87999569500000007771, 0.46973001469487141168, 0.87999569500000007771, 0.6001444432691336317, 0.87999569500000007771, 19.004280612356705404
0.88500170700000002633, 0.48460456028151632779, 0.88500170700000002633, 0.6001444432691336317, 0.88500170700000002633, 18.894850973513960923
0.89000053200000006637, 0.47791779153563301863, 0.89000053200000006637, 0.6001444432691336317, 0.89000053200000006637, 18.894850973513960923
0.89499905500000009884, 0.47492169056287192319, 0.89499905500000009884, 0.6001444432691336317, 0.89499905500000009884, 19.020492410703781161
0.90004698000000005198, 0.47446972438089252133, 0.90004698000000005198, 0.6001444432691336317, 0.90004698000000005198, 19.020492410703781161
0.90500260500000007102, 0.45210871913313110948, 0.90500260500000007102, 0.6001444432691336317, 0.90500260500000007102, 19.093445503265609631
0.91000112200000005114, 0.45282806472226644345, 0.91000112200000005114, 0.6001444432691336317, 0.91000112200000005114, 19.093445503265609631
0.91499545900000001097, 0.43772799095671544034, 0.91499545900000001097, 0.6001444432691336317, 0.91499545900000001097, 19.138027948720061744
0.91999769400000008801, 0.41710082993384867134, 0.91999769400000008801, 0.6001444432691336317, 0.91999769400000008801, 19.138027948720061744
0.92500148100000001428, 0.41686422290554464576, 0.92500148100000001428, 0.6001444432691336317, 0.92500148100000001428, 19.138027948720061744
0.93000081600000006343, 0.39276940416016437041, 0.93000081600000006343, 0.6001444432691336317, 0.93000081600000006343, 19.138027948720061744
0.93504907200000009215, 0.39068018404348581196, 0.93504907200000009215, 0.6001444432691336317, 0.93504907200000009215, 18.919168671034572782
0.94000045600000003976, 0.38843330842536694103, 0.94000045600000003976, 0.6001444432691336317, 0.94000045600000003976, 18.919168671034572782
0.9450013190000000618, 0.37720419673799832072, 0.9450013190000000618, 0.6001444432691336317, 0.9450013190000000618, 18.85026852805950881
0.95000148500000003438, 0.38586612727728136774, 0.95000148500000003438, 0.6001444432691336317, 0.95000148500000003438, 18.85026852805950881
0.95500140400000010921, 0.37382115514776459442, 0.95500140400000010921, 0.6001444432691336317, 0.95500140400000010921, 18.874586225580120669
0.95999927800000006695, 0.37681166036894642168, 0.95999927800000006695, 0.6001444432691336317, 0.95999927800000006695, 18.874586225580120669
0.96500154800000004229, 0.3761841864448914885, 0.96500154800000004229, 0.6001444432691336317, 0.96500154800000004229, 18.911062771861033127
0.97004968400000002315, 0.35854231844149198061, 0.97004968400000002315, 0.6001444432691336317, 0.97004968400000002315, 18.911062771861033127
0.97500132600000011251, 0.36923715868961354269, 0.97500132600000011251, 0.6001444432691336317, 0.97500132600000011251, 18.874586225580120669
0.98000811500000006848, 0.36020693204787213038, 0.98000811500000006848, 0.6001444432691336317, 0.98000811500000006848, 18.874586225580120669
0.98501538400000010487, 0.35156195035947868099, 0.98501538400000010487, 0.6001444432691336317, 0.98501538400000010487, 18.785421334671216442
0.9900018470000000459, 0.3595851708713899697, 0.9900018470000000459, 0.6001444432691336317, 0.9900018470000000459, 18.785421334671216442
0.99499934200000006435, 0.34467984755355318693, 0.99499934200000006435, 0.6001444432691336317, 0.99499934200000006435, 18.704362342935848318
1.0000475920000000407, 0.35268987829052211858, 1.0000475920000000407, 0.6001444432691336317, 1.0000475920000000407, 18.704362342935848318
1.0050018089999999127, 0.35229582935962328039, 1.0050018089999999127, 0.6001444432691336317, 1.0050018089999999127, 18.667885796654935859
1.0100018660000000814, 0.34153726313812676763, 1.0100018660000000814, 0.6001444432691336317, 1.0100018660000000814, 18.667885796654935859
1.0149986269999999866, 0.35186803914159070494, 1.0149986269999999866, 0.6001444432691336317, 1.0149986269999999866, 18.615197452026947644
1.0199964349999999236, 0.34258684748000695075, 1.0199964349999999236, 0.6001444432691336317, 1.0199964349999999236, 18.615197452026947644
1.0250012200000000462, 0.34640696180303393037, 1.0250012200000000462, 0.6001444432691336317, 1.0250012200000000462, 18.481450115663591305
1.0299975059999999516, 0.35146039073491674998, 1.0299975059999999516, 0.6001444432691336317, 1.0299975059999999516, 18.481450115663591305
1.0350017920000000871, 0.33800350717467042561, 1.0350017920000000871, 0.6001444432691336317, 1.0350017920000000871, 18.363914577647310722
1.0404222469999999667, 0.35212102714642956602, 1.0404222469999999667, 0.6001444432691336317, 1.0404222469999999667, 18.363914577647310722
1.0450017380000000689, 0.35055921759636954338, 1.0450017380000000689, 0.6001444432691336317, 1.0450017380000000689, 18.363914577647310722
1.0500054409999999283, 0.34087793389975573621, 1.0500054409999999283, 0.6001444432691336317, 1.0500054409999999283, 18.363914577647310722
1.0550005659999999175, 0.35006905696690793217, 1.0550005659999999175, 0.6001444432691336317, 1.0550005659999999175, 18.32338508177962666
1.0600042679999999162, 0.3416156279765365511, 1.0600042679999999162, 0.6001444432691336317, 1.0600042679999999162, 18.32338508177962666
1.0650017089999999076, 0.34224181492772209889, 1.0650017089999999076, 0.6001444432691336317, 1.0650017089999999076, 18.238273140457490484
1.0699998479999999201, 0.34401795070954099831, 1.0699998479999999201, 0.6001444432691336317, 1.0699998479999999201, 18.238273140457490484
1.0749997250000000726, 0.33609986381511847142, 1.0749997250000000726, 0.6001444432691336317, 1.0749997250000000726, 17.950513719796941103
1.0800359559999999082, 0.35322882565329727367, 1.0800359559999999082, 0.6001444432691336317, 1.0800359559999999082, 17.950513719796941103
1.0850038689999998986, 0.35562520124382546172, 1.0850038689999998986, 0.6001444432691336317, 1.0850038689999998986, 17.646542500789315966
1.0899975809999999932, 0.36023497766891349192, 1.0899975809999999932, 0.6001444432691336317, 1.0899975809999999932, 17.646542500789315966
1.0954193469999999877, 0.3876133043781138654, 1.0954193469999999877, 0.6001444432691336317, 1.0954193469999999877, 17.537112861946571485
1.1000028379999999828, 0.42181340701405717342, 1.1000028379999999828, 0.6001444432691336317, 1.1000028379999999828, 17.537112861946571485
1.1050012240000000041, 0.46690065152246673641, 1.1050012240000000041, 0.6001444432691336317, 1.1050012240000000041, 16.815687835501808678
1.1100062610000001051, 0.54826470516354230966, 1.1100062610000001051, 0.6001444432691336317, 1.1100062610000001051, 16.815687835501808678
1.1150547939999999603, 0.63285536141607789951, 1.1150547939999999603, 0.6001444432691336317, 1.1150547939999999603, 16.454975322279427274
1.1199961149999999588, 0.7159057130351682563, 1.1199961149999999588, 0.6001444432691336317, 1.1199961149999999588, 16.454975322279427274
1.1250241299999999001, 0.79547420582951655632, 1.1250241299999999001, 0.6001444432691336317, 1.1250241299999999001, 16.073998061123202064
1.1300024550000000723, 0.8850117059821757115, 1.1300024550000000723, 0.6001444432691336317, 1.1300024550000000723, 16.073998061123202064
1.1350524250000000315, 0.95076716092536561753, 1.1350524250000000315, 0.6001444432691336317, 1.1350524250000000315, 15.867297632198017254
1.1399962839999999709, 1.0114222557503751432, 1.1399962839999999709, 0.6001444432691336317, 1.1399962839999999709, 15.867297632198017254
1.1449990119999999827, 1.0387140343341585424, 1.1449990119999999827, 0.6001444432691336317, 1.1449990119999999827, 16.061839212362897911
1.1499937339999999342, 1.0352090806051590377, 1.1499937339999999342, 0.6001444432691336317, 1.1499937339999999342, 16.061839212362897911
1.1549910599999999583, 1.0198859738419672194, 1.1549910599999999583, 0.6001444432691336317, 1.1549910599999999583, 16.487398918973571682
1.1599913820000000708, 0.98001347345286604629, 1.1599913820000000708, 0.6001444432691336317, 1.1599913820000000708, 16.487398918973571682
1.164996697000000081, 0.95279655310300892523, 1.164996697000000081, 0.6001444432691336317, 1.164996697000000081, 16.450922372692655671
1.1699898070000001038, 0.94237053450331420557, 1.1699898070000001038, 0.6001444432691336317, 1.1699898070000001038, 16.450922372692655671
1.1749890819999999625, 0.92012527694535006795, 1.1749890819999999625, 0.6001444432691336317, 1.1749890819999999625, 16.365810431370523048
1.1800584450000000114, 0.91124416791534601501, 1.1800584450000000114, 0.6001444432691336317, 1.1800584450000000114, 16.365810431370523048
1.1850019370000000052, 0.90700431022285121774, 1.1850019370000000052, 0.6001444432691336317, 1.1850019370000000052, 16.467134171039731427
1.1899935550000000362, 0.88821675032837088537, 1.1899935550000000362, 0.6001444432691336317, 1.1899935550000000362, 16.467134171039731427
1.1949925839999999688, 0.86692991751027514979, 1.1949925839999999688, 0.6001444432691336317, 1.1949925839999999688, 16.560352011535403705
1.2000411710000000731, 0.84553360328601023799, 1.2000411710000000731, 0.6001444432691336317, 1.2000411710000000731, 16.560352011535403705
1.2049984129999999904, 0.81922169663593225053, 1.2049984129999999904, 0.6001444432691336317, 1.2049984129999999904, 16.71841704541936835
1.2099958539999999818, 0.78333666174464677834, 1.2099958539999999818, 0.6001444432691336317, 1.2099958539999999818, 16.71841704541936835
1.2149926330000000441, 0.74811264436589774984, 1.2149926330000000441, 0.6001444432691336317, 1.2149926330000000441, 16.92917042393132121
1.219991414999999968, 0.71011754641962399059, 1.219991414999999968, 0.6001444432691336317, 1.219991414999999968, 16.92917042393132121
1.2250011030000000911, 0.69360614845166801423, 1.2250011030000000911, 0.6001444432691336317, 1.2250011030000000911, 16.876482079303332995
1.2299964020000000442, 0.69136659031175351497, 1.2299964020000000442, 0.6001444432691336317, 1.2299964020000000442, 16.876482079303332995
1.235052495000000139, 0.6908983500311632886, 1.235052495000000139, 0.6001444432691336317, 1.235052495000000139, 16.491451868560339733
1.2399946760000000179, 0.72069188806317197038, 1.2399946760000000179, 0.6001444432691336317, 1.2399946760000000179, 16.491451868560339733
1.2449991849999999527, 0.73423855757980516223, 1.2449991849999999527, 0.6001444432691336317, 1.2449991849999999527, 16.572510860295707857
1.2499936360000001301, 0.72798090558796124672, 1.2499936360000001301, 0.6001444432691336317, 1.2499936360000001301, 16.572510860295707857
1.2549908780000000874, 0.72393613471119766523, 1.2549908780000000874, 0.6001444432691336317, 1.2549908780000000874, 16.803528986741500972
1.2599901360000000938, 0.70608974352065301261, 1.2599901360000000938, 0.6001444432691336317, 1.2599901360000000938, 16.803528986741500972
1.2650502949999999913, 0.67362028858094613604, 1.2650502949999999913, 0.6001444432691336317, 1.2650502949999999913, 16.892693877650405199
1.2699928910000000126, 0.65446445584345402935, 1.2699928910000000126, 0.6001444432691336317, 1.2699928910000000126, 16.892693877650405199
1.2749935139999999389, 0.62862142597635861652, 1.2749935139999999389, 0.6001444432691336317, 1.2749935139999999389, 17.046705961947601793
1.2799925729999999113, 0.58391715477706118698, 1.2799925729999999113, 0.6001444432691336317, 1.2799925729999999113, 17.046705961947601793
1.2849979650000000753, 0.5608985676275310972, 1.2849979650000000753, 0.6001444432691336317, 1.2849979650000000753, 17.220982794178638642
1.2899967590000001039, 0.52916602815882440858, 1.2899967590000001039, 0.6001444432691336317, 1.2899967590000001039, 17.220982794178638642
1.2949907659999999598, 0.52100511418033423894, 1.2949907659999999598, 0.6001444432691336317, 1.2949907659999999598, 16.977805818972541374
1.3000487240000000444, 0.53796668494711408215, 1.3000487240000000444, 0.6001444432691336317, 1.3000487240000000444, 16.977805818972541374
1.3049979959999999934, 0.54428110591271150476, 1.3049979959999999934, 0.6001444432691336317, 1.3049979959999999934, 16.657622801617844033
1.3099940960000000523, 0.56154089833269515974, 1.3099940960000000523, 0.6001444432691336317, 1.3099940960000000523, 16.657622801617844033
1.3149925529999999529, 0.58661469805555177537, 1.3149925529999999529, 0.6001444432691336317, 1.3149925529999999529, 16.779211289220892667
1.3199902890000001499, 0.57862294438004235886, 1.3199902890000001499, 0.6001444432691336317, 1.3199902890000001499, 16.779211289220892667
1.3249975400000000292, 0.57445836592772203666, 1.3249975400000000292, 0.6001444432691336317, 1.3249975400000000292, 16.904852726410709352
1.3299943370000000264, 0.57266312699788457508, 1.3299943370000000264, 0.6001444432691336317, 1.3299943370000000264, 16.904852726410709352
1.3350431640000000044, 0.54722498109113260067, 1.3350431640000000044, 0.6001444432691336317, 1.3350431640000000044, 16.941329272691625363
1.3399937959999999038, 0.53291612972263691095, 1.3399937959999999038, 0.6001444432691336317, 1.3399937959999999038, 16.941329272691625363
1.3449970420000001425, 0.51875009699874929936, 1.3449970420000001425, 0.6001444432691336317, 1.3449970420000001425, 17.143976752030042121
1.3499949390000001159, 0.48236417391086799933, 1.3499949390000001159, 0.6001444432691336317, 1.3499949390000001159, 17.143976752030042121
1.3549913940000000157, 0.45997076119047430875, 1.3549913940000000157, 0.6001444432691336317, 1.3549913940000000157, 17.216929844591870591
1.3599911380000000438, 0.44345844347491436555, 1.3599911380000000438, 0.6001444432691336317, 1.3599911380000000438, 17.216929844591870591
1.3650546180000000529, 0.42804236304666254398, 1.3650546180000000529, 0.6001444432691336317, 1.3650546180000000529, 16.912958625584245453
1.3699935389999999824, 0.44618723858935038784, 1.3699935389999999824, 0.6001444432691336317, 1.3699935389999999824, 16.912958625584245453
1.3749891089999999316, 0.45950196264822940062, 1.3749891089999999316, 0.6001444432691336317, 1.3749891089999999316, 16.783264238807660718
1.3799951390000000373, 0.46706699605818857712, 1.3799951390000000373, 0.6001444432691336317, 1.3799951390000000373, 16.783264238807660718
1.3849992870000000789, 0.48357551493092110206, 1.3849992870000000789, 0.6001444432691336317, 1.3849992870000000789, 16.819740785088576729
1.3899952419999999087, 0.48339302727735905529, 1.3899952419999999087, 0.6001444432691336317, 1.3899952419999999087, 16.819740785088576729
1.3949915939999999459, 0.47358698630921070016, 1.3949915939999999459, 0.6001444432691336317, 1.3949915939999999459, 16.827846684262112831
1.400043892000000012, 0.4778519866446744313, 1.400043892000000012, 0.6001444432691336317, 1.400043892000000012, 16.827846684262112831
1.4049986199999999759, 0.46412050128660264914, 1.4049986199999999759, 0.6001444432691336317, 1.4049986199999999759, 17.014282365253453833
1.4099936250000000282, 0.43825216604070793558, 1.4099936250000000282, 0.6001444432691336317, 1.4099936250000000282, 17.014282365253453833
1.4149921659999999957, 0.42929357606024670657, 1.4149921659999999957, 0.6001444432691336317, 1.4149921659999999957, 17.156135600790346274
1.4199905209999998945, 0.40214417473402264136, 1.4199905209999998945, 0.6001444432691336317, 1.4199905209999998945, 17.156135600790346274
1.4249994930000000615, 0.37616875050126857838, 1.4249994930000000615, 0.6001444432691336317, 1.4249994930000000615, 17.192612147071262285
1.429995605000000003, 0.37036308765930892051, 1.429995605000000003, 0.6001444432691336317, 1.429995605000000003, 17.192612147071262285
1.4350455989999999495, 0.34915167306186922769, 1.4350455989999999495, 0.6001444432691336317, 1.4350455989999999495, 17.143976752030042121
1.4399951300000000121, 0.33614311388199397124, 1.4399951300000000121, 0.6001444432691336317, 1.4399951300000000121, 17.143976752030042121
1.4449993009999999583, 0.33658710767701788269, 1.4449993009999999583, 0.6001444432691336317, 1.4449993009999999583, 17.184506247897726183
1.4499936200000000941, 0.32452397031651847303, 1.4499936200000000941, 0.6001444432691336317, 1.4499936200000000941, 17.184506247897726183
1.4549917169999999622, 0.32857753618448359845, 1.4549917169999999622, 0.6001444432691336317, 1.4549917169999999622, 16.888640928063637148
1.4599898799999999621, 0.34078318088046560819, 1.4599898799999999621, 0.6001444432691336317, 1.4599898799999999621, 16.888640928063637148
1.4650517650000001169, 0.34059239090505194492, 1.4650517650000001169, 0.6001444432691336317, 1.4650517650000001169, 16.880535028890101046
1.4699938320000001113, 0.35229228110573496124, 1.4699938320000001113, 0.6001444432691336317, 1.4699938320000001113, 16.880535028890101046
1.474995116000000106, 0.35390401840560992142, 1.474995116000000106, 0.6001444432691336317, 1.474995116000000106, 16.953488121451929516
1.4799916490000000202, 0.34318364783288080044, 1.4799916490000000202, 0.6001444432691336317, 1.4799916490000000202, 16.953488121451929516
1.4850092040000000271, 0.35004510990103704371, 1.4850092040000000271, 0.6001444432691336317, 1.4850092040000000271, 16.925117474344553159
1.4899971469999999663, 0.35047267764646955479, 1.4899971469999999663, 0.6001444432691336317, 1.4899971469999999663, 16.925117474344553159
1.494992620999999966, 0.35130520969717027313, 1.494992620999999966, 0.6001444432691336317, 1.494992620999999966, 16.596828557816316163
1.5000479200000000901, 0.38226432128493825768, 1.5000479200000000901, 0.6001444432691336317, 1.5000479200000000901, 16.596828557816316163
1.5050006329999998655, 0.3952699919983949095, 1.5050006329999998655, 0.6001444432691336317, 1.5050006329999998655, 16.588722658642780061
1.5099943810000000521, 0.39993302495968102717, 1.5099943810000000521, 0.6001444432691336317, 1.5099943810000000521, 16.588722658642780061
1.5149914610000001502, 0.41524775812055475521, 1.5149914610000001502, 0.6001444432691336317, 1.5149914610000001502, 16.669781650378148186
1.5199909050000000033, 0.41101559488541544729, 1.5199909050000000033, 0.6001444432691336317, 1.5199909050000000033, 16.669781650378148186
1.5249993470000000606, 0.39895573108173404409, 1.5249993470000000606, 0.6001444432691336317, 1.5249993470000000606, 16.694099347898756491
1.5299966010000001226, 0.40005370108399229689, 1.5299966010000001226, 0.6001444432691336317, 1.5299966010000001226, 16.694099347898756491
1.5350459760000001452, 0.38521462928374428092, 1.5350459760000001452, 0.6001444432691336317, 1.5350459760000001452, 16.937276323104857312
1.539993503999999902, 0.36342290965890455823, 1.539993503999999902, 0.6001444432691336317, 1.539993503999999902, 16.937276323104857312
1.5449978680000000519, 0.35593002639606285964, 1.5449978680000000519, 0.6001444432691336317, 1.5449978680000000519, 16.961594020625465618
1.5499950380000000472, 0.33705118258838112633, 1.5499950380000000472, 0.6001444432691336317, 1.5499950380000000472, 16.961594020625465618
1.5549913779999999797, 0.31812148498376263683, 1.5549913779999999797, 0.6001444432691336317, 1.5549913779999999797, 16.892693877650405199
1.5599907440000000403, 0.32013059464252741071, 1.5599907440000000403, 0.6001444432691336317, 1.5599907440000000403, 16.892693877650405199
1.5650526479999999907, 0.31022194115200363296, 1.5650526479999999907, 0.6001444432691336317, 1.5650526479999999907, 16.734628843766440554
1.5699983770000001115, 0.31468510197584886878, 1.5699983770000001115, 0.6001444432691336317, 1.5699983770000001115, 16.734628843766440554
1.5749917940000000005, 0.32609751523820801333, 1.5749917940000000005, 0.6001444432691336317, 1.5749917940000000005, 16.742734742939976655
1.5799906850000000613, 0.31836862933349724392, 1.5799906850000000613, 0.6001444432691336317, 1.5799906850000000613, 16.742734742939976655
1.5849998250000001399, 0.32137654450506347725, 1.5849998250000001399, 0.6001444432691336317, 1.5849998250000001399, 16.71841704541936835
1.5899958579999999841, 0.32560119422331146311, 1.5899958579999999841, 0.6001444432691336317, 1.5899958579999999841, 16.71841704541936835
1.5949912240000001518, 0.31237968482071853948, 1.5949912240000001518, 0.6001444432691336317, 1.5949912240000001518, 16.694099347898756491
1.6000449109999999031, 0.31724810948146553446, 1.6000449109999999031, 0.6001444432691336317, 1.6000449109999999031, 16.694099347898756491
1.6049987789999999865, 0.31845295692287550748, 1.6049987789999999865, 0.6001444432691336317, 1.6049987789999999865, 16.734628843766440554
1.6099942350000000513, 0.3077209954860952168, 1.6099942350000000513, 0.6001444432691336317, 1.6099942350000000513, 16.734628843766440554
1.6149914770000000086, 0.31242330204567742014, 1.6149914770000000086, 0.6001444432691336317, 1.6149914770000000086, 16.564404961122171756
1.6199895859999999814, 0.32319388163217499521, 1.6199895859999999814, 0.6001444432691336317, 1.6199895859999999814, 16.564404961122171756
1.6249979080000001019, 0.32335831843173001854, 1.6249979080000001019, 0.6001444432691336317, 1.6249979080000001019, 16.426604675172047365
1.6299952220000000214, 0.33852982975430689905, 1.6299952220000000214, 0.6001444432691336317, 1.6299952220000000214, 16.426604675172047365
1.6350438030000000733, 0.3481815128980353391, 1.6350438030000000733, 0.6001444432691336317, 1.6350438030000000733, 16.527928414841255744
1.639995078000000106, 0.34031446330121001287, 1.639995078000000106, 0.6001444432691336317, 1.639995078000000106, 16.527928414841255744
1.6450005010000001704, 0.34806725856438819333, 1.6450005010000001704, 0.6001444432691336317, 1.6450005010000001704, 16.596828557816316163
1.6499965100000000273, 0.34131128562904078372, 1.6499965100000000273, 0.6001444432691336317, 1.6499965100000000273, 16.596828557816316163
1.6549914310000000128, 0.32347821691469424987, 1.6549914310000000128, 0.6001444432691336317, 1.6549914310000000128, 16.783264238807660718
1.6599903810000000703, 0.32624327966483057661, 1.6599903810000000703, 0.6001444432691336317, 1.6599903810000000703, 16.783264238807660718
1.6650547330000000645, 0.31766242393632915242, 1.6650547330000000645, 0.6001444432691336317, 1.6650547330000000645, 16.754893591700280808
1.6699976960000000314, 0.2999158640326012315, 1.6699976960000000314, 0.6001444432691336317, 1.6699976960000000314, 16.754893591700280808
1.674990871999999964, 0.30569841346567216966, 1.674990871999999964, 0.6001444432691336317, 1.674990871999999964, 16.625199204923696072
1.6799884569999998796, 0.30376886661693480729, 1.6799884569999998796, 0.6001444432691336317, 1.6799884569999998796, 16.625199204923696072
1.684998488000000183, 0.29921199948599352947, 1.684998488000000183, 0.6001444432691336317, 1.684998488000000183, 16.23611604459393476
1.6899938709999999809, 0.33264056884693848914, 1.6899938709999999809, 0.6001444432691336317, 1.6899938709999999809, 16.23611604459393476
1.694994332000000048, 0.34815522922131897365, 1.694994332000000048, 0.6001444432691336317, 1.694994332000000048, 16.256380792527778567
1.700046004000000055, 0.35320333742937054522, 1.700046004000000055, 0.6001444432691336317, 1.700046004000000055, 16.256380792527778567
1.7049995950000000899, 0.37147247617965550859, 1.7049995950000000899, 0.6001444432691336317, 1.7049995950000000899, 16.390128128891131354
1.7099948170000001113, 0.36389899721457696913, 1.7099948170000001113, 0.6001444432691336317, 1.7099948170000001113, 16.390128128891131354
1.7149912529999999933, 0.3476535521392164485, 1.7149912529999999933, 0.6001444432691336317, 1.7149912529999999933, 16.61304035616339192
1.7199902160000000162, 0.3493618661822606164, 1.7199902160000000162, 0.6001444432691336317, 1.7199902160000000162, 16.61304035616339192
1.7249987300000000356, 0.33521242625393737891, 1.7249987300000000356, 0.6001444432691336317, 1.7249987300000000356, 16.706258196659060644
1.7299950160000001631, 0.31470278634437776066, 1.7299950160000001631, 0.6001444432691336317, 1.7299950160000001631, 16.706258196659060644
1.7350436330000000851, 0.31427829595562750686, 1.7350436330000000851, 0.6001444432691336317, 1.7350436330000000851, 16.621146255336928022
1.739995997000000072, 0.30269205810142274515, 1.739995997000000072, 0.6001444432691336317, 1.739995997000000072, 16.621146255336928022
1.744997695999999987, 0.3011586662139512649, 1.744997695999999987, 0.6001444432691336317, 1.744997695999999987, 16.248274893354242465
1.7499966890000000497, 0.32322666213737255569, 1.7499966890000000497, 0.6001444432691336317, 1.7499966890000000497, 16.248274893354242465
1.754992721999999894, 0.33171668147934141313, 1.754992721999999894, 0.6001444432691336317, 1.754992721999999894, 16.122633456164422228
1.7599919500000000827, 0.34294712769142726705, 1.7599919500000000827, 0.6001444432691336317, 1.7599919500000000827, 16.122633456164422228
1.7650002780000000335, 0.36547801585166517224, 1.7650002780000000335, 0.6001444432691336317, 1.7650002780000000335, 16.211798347073326454
1.7700482029999999867, 0.3659513605193258079, 1.7700482029999999867, 0.6001444432691336317, 1.7700482029999999867, 16.211798347073326454
1.7749949310000001645, 0.3608997436197597386, 1.7749949310000001645, 0.6001444432691336317, 1.7749949310000001645, 16.248274893354242465
1.7799911500000000775, 0.36413984049226000295, 1.7799911500000000775, 0.6001444432691336317, 1.7799911500000000775, 16.248274893354242465
1.7849988649999999346, 0.34566841025686045885, 1.7849988649999999346, 0.6001444432691336317, 1.7849988649999999346, 16.576563809882475908
1.7899950730000000476, 0.32782624725025499846, 1.7899950730000000476, 0.6001444432691336317, 1.7899950730000000476, 16.576563809882475908
1.7949914970000000469, 0.32897166684313128293, 1.7949914970000000469, 0.6001444432691336317, 1.7949914970000000469, 16.621146255336928022
1.800042386999999966, 0.31282082567595154154, 1.800042386999999966, 0.6001444432691336317, 1.800042386999999966, 16.621146255336928022
1.8050000690000000958, 0.29819171781591052861, 1.8050000690000000958, 0.6001444432691336317, 1.8050000690000000958, 16.51171661649418354
1.8099938340000001347, 0.30128313775562343135, 1.8099938340000001347, 0.6001444432691336317, 1.8099938340000001347, 16.51171661649418354
1.8149906320000002147, 0.29050719285451687135, 1.8149906320000002147, 0.6001444432691336317, 1.8149906320000002147, 16.394181078477899405
1.8199896479999999599, 0.28549893529408915116, 1.8199896479999999599, 0.6001444432691336317, 1.8199896479999999599, 16.394181078477899405
1.8249975910000000301, 0.29199566975640095512, 1.8249975910000000301, 0.6001444432691336317, 1.8249975910000000301, 16.426604675172047365
1.8299944550000000199, 0.28437384051014591435, 1.8299944550000000199, 0.6001444432691336317, 1.8299944550000000199, 16.426604675172047365
1.8350451649999999226, 0.28288432786326384027, 1.8350451649999999226, 0.6001444432691336317, 1.8350451649999999226, 16.34149273384991119
1.8399933360000000349, 0.29395784878400943452, 1.8399933360000000349, 0.6001444432691336317, 1.8399933360000000349, 16.34149273384991119
1.8449966720000001708, 0.29002878511020036001, 1.8449966720000001708, 0.6001444432691336317, 1.8449966720000001708, 16.321227985916070935
1.8499938660000001533, 0.29081595767777534967, 1.8499938660000001533, 0.6001444432691336317, 1.8499938660000001533, 16.321227985916070935
1.8549920050000001659, 0.29808098129323118419, 1.8549920050000001659, 0.6001444432691336317, 1.8549920050000001659, 16.390128128891131354
1.8599906790000000356, 0.29045097518820617299, 1.8599906790000000356, 0.6001444432691336317, 1.8599906790000000356, 16.390128128891131354
1.8650529680000000887, 0.28734245181011836001, 1.8650529680000000887, 0.6001444432691336317, 1.8650529680000000887, 16.272592590874850771
1.8699980169999999013, 0.29756881522344519331, 1.8699980169999999013, 0.6001444432691336317, 1.8699980169999999013, 16.272592590874850771
1.8749931669999999606, 0.29924037034350664532, 1.8749931669999999606, 0.6001444432691336317, 1.8749931669999999606, 16.078051010709970114
1.8799914800000001591, 0.31437521992317529751, 1.8799914800000001591, 0.6001444432691336317, 1.8799914800000001591, 16.078051010709970114
1.8849978050000000263, 0.33341297932521085645, 1.8849978050000000263, 0.6001444432691336317, 1.8849978050000000263, 16.122633456164422228
1.8899973629999999858, 0.3349740051007677466, 1.8899973629999999858, 0.6001444432691336317, 1.8899973629999999858, 16.122633456164422228
1.8949934139999999871, 0.33954573060869575052, 1.8949934139999999871, 0.6001444432691336317, 1.8949934139999999871, 16.114527556990886126
1.9000426680000002122, 0.3504951907828198765, 1.9000426680000002122, 0.6001444432691336317, 1.9000426680000002122, 16.114527556990886126
1.9050000850000001762, 0.34621171106330317357, 1.9050000850000001762, 0.6001444432691336317, 1.9050000850000001762, 16.146951153685034086
1.9099942539999998914, 0.34191444730574277466, 1.9099942539999998914, 0.6001444432691336317, 1.9099942539999998914, 16.146951153685034086
1.9149912920000000671, 0.34701903038473091989, 1.9149912920000000671, 0.6001444432691336317, 1.9149912920000000671, 16.333386834676375088
1.9199918300000000659, 0.32983287005614986276, 1.9199918300000000659, 0.6001444432691336317, 1.9199918300000000659, 16.333386834676375088
1.9249972470000000779, 0.32094356881123864422, 1.9249972470000000779, 0.6001444432691336317, 1.9249972470000000779, 16.309069137155766782
1.929996528000000211, 0.32180708177488970279, 1.929996528000000211, 0.6001444432691336317, 1.929996528000000211, 16.309069137155766782
1.9350476410000001515, 0.3076130757695192397, 1.9350476410000001515, 0.6001444432691336317, 1.9350476410000001515, 16.26853964128808272
1.9399945739999999716, 0.30535762072778666054, 1.9399945739999999716, 0.6001444432691336317, 1.9399945739999999716, 16.26853964128808272
1.9449979150000000772, 0.30971854425494665941, 1.9449979150000000772, 0.6001444432691336317, 1.9449979150000000772, 16.329333885089607037
1.9499971670000000312, 0.29954882667227283877, 1.9499971670000000312, 0.6001444432691336317, 1.9499971670000000312, 16.329333885089607037
1.9549915220000000371, 0.29899190265625130714, 1.9549915220000000371, 0.6001444432691336317, 1.9549915220000000371, 16.260433742114546618
1.9599898829999999883, 0.30559927881786302928, 1.9599898829999999883, 0.6001444432691336317, 1.9599898829999999883, 16.260433742114546618
1.9650537900000000224, 0.29886040665319474341, 1.9650537900000000224, 0.6001444432691336317, 1.9650537900000000224, 16.256380792527778567
1.969998364999999918, 0.29744176264393307196, 1.969998364999999918, 0.6001444432691336317, 1.969998364999999918, 16.256380792527778567
1.9749931350000000663, 0.30533738819378719587, 1.9749931350000000663, 0.6001444432691336317, 1.9749931350000000663, 16.296910288395459077
1.9799906300000000847, 0.29760429155447593041, 1.9799906300000000847, 0.6001444432691336317, 1.9799906300000000847, 16.296910288395459077
1.984996455000000104, 0.2925424337194032498, 1.984996455000000104, 0.6001444432691336317, 1.984996455000000104, 16.26853964128808272
1.9899916829999999557, 0.29873332354615589335, 1.9899916829999999557, 0.6001444432691336317, 1.9899916829999999557, 16.26853964128808272
1.9949941940000002205, 0.29842974155081258836, 1.9949941940000002205, 0.6001444432691336317, 1.9949941940000002205, 16.110474607404118075
2.0000634370000001105, 0.30897629668321680008, 2.0000634370000001105, 0.6001444432691336317, 2.0000634370000001105, 16.110474607404118075
2.0049984529999997918, 0.32807789706989159972, 2.0049984529999997918, 0.6001444432691336317, 2.0049984529999997918, 15.988886119801067665
2.0099954190000000054, 0.33452305338105126076, 2.0099954190000000054, 0.6001444432691336317, 2.0099954190000000054, 15.988886119801067665
2.0149932690000000868, 0.34084824441799588257, 2.0149932690000000868, 0.6001444432691336317, 2.0149932690000000868, 16.013203817321677747
2.0199905949999998889, 0.35542650431856204207, 2.0199905949999998889, 0.6001444432691336317, 2.0199905949999998889, 16.013203817321677747
2.0249986889999997963, 0.35256892838942788249, 2.0249986889999997963, 0.6001444432691336317, 2.0249986889999997963, 16.090209859470274267
2.0299958770000001707, 0.34602785281625586533, 2.0299958770000001707, 0.6001444432691336317, 2.0299958770000001707, 16.090209859470274267
2.0350453299999999857, 0.34528334979608144018, 2.0350453299999999857, 0.6001444432691336317, 2.0350453299999999857, 16.353651582610218895
2.0399942590000001985, 0.33024976543184897393, 2.0399942590000001985, 0.6001444432691336317, 2.0399942590000001985, 16.353651582610218895
2.0449980399999998504, 0.31934868283177447745, 2.0449980399999998504, 0.6001444432691336317, 2.0449980399999998504, 16.402286977651439059
2.0499948489999999524, 0.31532974523102741404, 2.0499948489999999524, 0.6001444432691336317, 2.0499948489999999524, 16.402286977651439059
2.054992260000000126, 0.30556803238763535768, 2.054992260000000126, 0.6001444432691336317, 2.054992260000000126, 16.199639498313022301
2.0599908739999999163, 0.31147696406466074404, 2.0599908739999999163, 0.6001444432691336317, 2.0599908739999999163, 16.199639498313022301
2.0650514480000001782, 0.32630606998291089571, 2.0650514480000001782, 0.6001444432691336317, 2.0650514480000001782, 15.903774178478933266
2.0699975629999998183, 0.341368527727015314, 2.0699975629999998183, 0.6001444432691336317, 2.0699975629999998183, 15.903774178478933266
2.0749932229999998867, 0.35578515780592800954, 2.0749932229999998867, 0.6001444432691336317, 2.0749932229999998867, 15.9402507247598475
2.0799924629999999581, 0.37513450489370592233, 2.0799924629999999581, 0.6001444432691336317, 2.0799924629999999581, 15.9402507247598475
2.0849996719999999151, 0.37502805160523355887, 2.0849996719999999151, 0.6001444432691336317, 2.0849996719999999151, 16.025362666081981899
2.089994045000000078, 0.37092123362692930311, 2.089994045000000078, 0.6001444432691336317, 2.089994045000000078, 16.025362666081981899
2.0949919669999998995, 0.3745437250350830416, 2.0949919669999998995, 0.6001444432691336317, 2.0949919669999998995, 16.171268851205642392
